Line_Length	20
-1 -1 -1 -1 -1 -1 -1 -1 -1 
-1 -1 -1 -1 -1 -1 -1 -1 -1 
-1 -1 -1 -1 -1 -1 -1 -1 -1 
-1 -1 -1 -1 -1 -1 -1 -1 -1 
-1 -1 -1 -1 -1 -1 -1 -1 -1 
-1 -1 -1 -1 -1 -1 -1 -1 -1 
-1 -1 -1 -1 -1 -1 -1 -1 -1 
-1 -1 -1 -1 -1 -1 -1 -1 -1 
-1 -1 -1 -1 -1 -1 -1 -1 -1 
-1 -1 -1 -1 -1 -1 -1 -1 -1 
-1 -1 -1 -1 -1 -1 -1 -1 -1 
-1 1/30/0 1/30/0 1/30/0 1/30/0 1/30/0 1/30/0 1/30/0 -1 
1/30/0 -1 -1 -1 -1 -1 -1 -1 1/30/0 
1/30/0 -1 -1 -1 -1 -1 -1 -1 1/30/0 
1/30/0 2/30/270 -1 -1 -1 -1 -1 2/30/0 1/30/0 
-1 1/30/0 1/30/0 -1 -1 -1 1/30/0 1/30/0 -1 
1/30/0 1/30/0 1/30/0 1/30/0 1/0/0 1/30/0 1/30/0 1/30/0 1/30/0 
-1 -1 -1 -1 1/0/0 -1 -1 -1 -1 
-1 -1 -1 1/0/0 -1 1/0/0 -1 -1 -1 
-1 1/0/0 1/0/0 -1 -1 -1 1/0/0 1/0/0 -1 
